Q Matrix for Lamina with fiber orientation 45° (MPa)
50027.4 39987.4 39049.2
39987.4 50027.4 39049.2
39049.2 39049.2 42118.6

Element  Node1  Node2  Node3  Node4
0    0   1   12   11
1    1   2   13   12
2    2   3   14   13
3    3   4   15   14
4    4   5   16   15
5    5   6   17   16
6    6   7   18   17
7    7   8   19   18
8    8   9   20   19
9    9   10   21   20
10    11   12   23   22
11    12   13   24   23
12    13   14   25   24
13    14   15   26   25
14    15   16   27   26
15    16   17   28   27
16    17   18   29   28
17    18   19   30   29
18    19   20   31   30
19    20   21   32   31
20    22   23   34   33
21    23   24   35   34
22    24   25   36   35
23    25   26   37   36
24    26   27   38   37
25    27   28   39   38
26    28   29   40   39
27    29   30   41   40
28    30   31   42   41
29    31   32   43   42
30    33   34   45   44
31    34   35   46   45
32    35   36   47   46
33    36   37   48   47
34    37   38   49   48
35    38   39   50   49
36    39   40   51   50
37    40   41   52   51
38    41   42   53   52
39    42   43   54   53
40    44   45   56   55
41    45   46   57   56
42    46   47   58   57
43    47   48   59   58
44    48   49   60   59
45    49   50   61   60
46    50   51   62   61
47    51   52   63   62
48    52   53   64   63
49    53   54   65   64
50    55   56   67   66
51    56   57   68   67
52    57   58   69   68
53    58   59   70   69
54    59   60   71   70
55    60   61   72   71
56    61   62   73   72
57    62   63   74   73
58    63   64   75   74
59    64   65   76   75
60    66   67   78   77
61    67   68   79   78
62    68   69   80   79
63    69   70   81   80
64    70   71   82   81
65    71   72   83   82
66    72   73   84   83
67    73   74   85   84
68    74   75   86   85
69    75   76   87   86
70    77   78   89   88
71    78   79   90   89
72    79   80   91   90
73    80   81   92   91
74    81   82   93   92
75    82   83   94   93
76    83   84   95   94
77    84   85   96   95
78    85   86   97   96
79    86   87   98   97
80    88   89   100   99
81    89   90   101   100
82    90   91   102   101
83    91   92   103   102
84    92   93   104   103
85    93   94   105   104
86    94   95   106   105
87    95   96   107   106
88    96   97   108   107
89    97   98   109   108
90    99   100   111   110
91    100   101   112   111
92    101   102   113   112
93    102   103   114   113
94    103   104   115   114
95    104   105   116   115
96    105   106   117   116
97    106   107   118   117
98    107   108   119   118
99    108   109   120   119
Node   CoordinateX   CoordinateY
0    0    0
1    10    0
2    20    0
3    30    0
4    40    0
5    50    0
6    60    0
7    70    0
8    80    0
9    90    0
10    100    0
11    0    10
12    10    10
13    20    10
14    30    10
15    40    10
16    50    10
17    60    10
18    70    10
19    80    10
20    90    10
21    100    10
22    0    20
23    10    20
24    20    20
25    30    20
26    40    20
27    50    20
28    60    20
29    70    20
30    80    20
31    90    20
32    100    20
33    0    30
34    10    30
35    20    30
36    30    30
37    40    30
38    50    30
39    60    30
40    70    30
41    80    30
42    90    30
43    100    30
44    0    40
45    10    40
46    20    40
47    30    40
48    40    40
49    50    40
50    60    40
51    70    40
52    80    40
53    90    40
54    100    40
55    0    50
56    10    50
57    20    50
58    30    50
59    40    50
60    50    50
61    60    50
62    70    50
63    80    50
64    90    50
65    100    50
66    0    60
67    10    60
68    20    60
69    30    60
70    40    60
71    50    60
72    60    60
73    70    60
74    80    60
75    90    60
76    100    60
77    0    70
78    10    70
79    20    70
80    30    70
81    40    70
82    50    70
83    60    70
84    70    70
85    80    70
86    90    70
87    100    70
88    0    80
89    10    80
90    20    80
91    30    80
92    40    80
93    50    80
94    60    80
95    70    80
96    80    80
97    90    80
98    100    80
99    0    90
100    10    90
101    20    90
102    30    90
103    40    90
104    50    90
105    60    90
106    70    90
107    80    90
108    90    90
109    100    90
110    0    100
111    10    100
112    20    100
113    30    100
114    40    100
115    50    100
116    60    100
117    70    100
118    80    100
119    90    100
120    100    100
100 elements are seperated.

Jacobian Matrix for Integrate point0
5 0
0 5

Jacobian Matrix for Integrate point1
5 0
0 5

Jacobian Matrix for Integrate point2
5 0
0 5

Jacobian Matrix for Integrate point3
5 0
0 5

G Matrix for Integrate point0
-0.394338 0 0.394338 0 0.105662 0 -0.105662 0
0 -0.394338 0 0.394338 0 0.105662 0 -0.105662
-0.394338 0 -0.105662 0 0.105662 0 0.394338 0
0 -0.394338 0 -0.105662 0 0.105662 0 0.394338

G Matrix for Integrate point1
-0.394338 0 0.394338 0 0.105662 0 -0.105662 0
0 -0.394338 0 0.394338 0 0.105662 0 -0.105662
-0.105662 0 -0.394338 0 0.394338 0 0.105662 0
0 -0.105662 0 -0.394338 0 0.394338 0 0.105662

G Matrix for Integrate point2
-0.105662 0 0.105662 0 0.394338 0 -0.394338 0
0 -0.105662 0 0.105662 0 0.394338 0 -0.394338
-0.394338 0 -0.105662 0 0.105662 0 0.394338 0
0 -0.394338 0 -0.105662 0 0.105662 0 0.394338

G Matrix for Integrate point3
-0.105662 0 0.105662 0 0.394338 0 -0.394338 0
0 -0.105662 0 0.105662 0 0.394338 0 -0.394338
-0.105662 0 -0.394338 0 0.394338 0 0.105662 0
0 -0.105662 0 -0.394338 0 0.394338 0 0.105662

B Matrix for Integrate point0
-0.0788675 0 0.0788675 0 0.0211325 0 -0.0211325 0
0 -0.0788675 0 -0.0211325 0 0.0211325 0 0.0788675
-0.0788675 -0.0788675 -0.0211325 0.0788675 0.0211325 0.0211325 0.0788675 -0.0211325

B Matrix for Integrate point1
-0.0788675 0 0.0788675 0 0.0211325 0 -0.0211325 0
0 -0.0211325 0 -0.0788675 0 0.0788675 0 0.0211325
-0.0211325 -0.0788675 -0.0788675 0.0788675 0.0788675 0.0211325 0.0211325 -0.0211325

B Matrix for Integrate point2
-0.0211325 0 0.0211325 0 0.0788675 0 -0.0788675 0
0 -0.0788675 0 -0.0211325 0 0.0211325 0 0.0788675
-0.0788675 -0.0211325 -0.0211325 0.0211325 0.0211325 0.0788675 0.0788675 -0.0788675

B Matrix for Integrate point3
-0.0211325 0 0.0211325 0 0.0788675 0 -0.0788675 0
0 -0.0211325 0 -0.0788675 0 0.0788675 0 0.0211325
-0.0211325 -0.0211325 -0.0788675 0.0211325 0.0788675 0.0788675 0.0211325 -0.0788675
Elemental stiffness Matrix
Element 0
50239.9 46559.3 -9656.03 -7041 -34882.3 -33542.9 -5701.63 -5975.41
46559.3 50239.9 -5975.41 -5701.63 -33542.9 -34882.3 -7041 -9656.03
-9656.03 -5975.41 11190.7 5506.33 -5701.63 -7041 4166.95 7510.08
-7041 -5701.63 5506.33 11190.7 -5975.41 -9656.03 7510.08 4166.95
-34882.3 -33542.9 -5701.63 -5975.41 50239.9 46559.3 -9656.03 -7041
-33542.9 -34882.3 -7041 -9656.03 46559.3 50239.9 -5975.41 -5701.63
-5701.63 -7041 4166.95 7510.08 -9656.03 -5975.41 11190.7 5506.33
-5975.41 -9656.03 7510.08 4166.95 -7041 -5701.63 5506.33 11190.7
Element 1
50239.9 46559.3 -9656.03 -7041 -34882.3 -33542.9 -5701.63 -5975.41
46559.3 50239.9 -5975.41 -5701.63 -33542.9 -34882.3 -7041 -9656.03
-9656.03 -5975.41 11190.7 5506.33 -5701.63 -7041 4166.95 7510.08
-7041 -5701.63 5506.33 11190.7 -5975.41 -9656.03 7510.08 4166.95
-34882.3 -33542.9 -5701.63 -5975.41 50239.9 46559.3 -9656.03 -7041
-33542.9 -34882.3 -7041 -9656.03 46559.3 50239.9 -5975.41 -5701.63
-5701.63 -7041 4166.95 7510.08 -9656.03 -5975.41 11190.7 5506.33
-5975.41 -9656.03 7510.08 4166.95 -7041 -5701.63 5506.33 11190.7
Element 2
50239.9 46559.3 -9656.03 -7041 -34882.3 -33542.9 -5701.63 -5975.41
46559.3 50239.9 -5975.41 -5701.63 -33542.9 -34882.3 -7041 -9656.03
-9656.03 -5975.41 11190.7 5506.33 -5701.63 -7041 4166.95 7510.08
-7041 -5701.63 5506.33 11190.7 -5975.41 -9656.03 7510.08 4166.95
-34882.3 -33542.9 -5701.63 -5975.41 50239.9 46559.3 -9656.03 -7041
-33542.9 -34882.3 -7041 -9656.03 46559.3 50239.9 -5975.41 -5701.63
-5701.63 -7041 4166.95 7510.08 -9656.03 -5975.41 11190.7 5506.33
-5975.41 -9656.03 7510.08 4166.95 -7041 -5701.63 5506.33 11190.7
Element 3
50239.9 46559.3 -9656.03 -7041 -34882.3 -33542.9 -5701.63 -5975.41
46559.3 50239.9 -5975.41 -5701.63 -33542.9 -34882.3 -7041 -9656.03
-9656.03 -5975.41 11190.7 5506.33 -5701.63 -7041 4166.95 7510.08
-7041 -5701.63 5506.33 11190.7 -5975.41 -9656.03 7510.08 4166.95
-34882.3 -33542.9 -5701.63 -5975.41 50239.9 46559.3 -9656.03 -7041
-33542.9 -34882.3 -7041 -9656.03 46559.3 50239.9 -5975.41 -5701.63
-5701.63 -7041 4166.95 7510.08 -9656.03 -5975.41 11190.7 5506.33
-5975.41 -9656.03 7510.08 4166.95 -7041 -5701.63 5506.33 11190.7
Element 4
50239.9 46559.3 -9656.03 -7041 -34882.3 -33542.9 -5701.63 -5975.41
46559.3 50239.9 -5975.41 -5701.63 -33542.9 -34882.3 -7041 -9656.03
-9656.03 -5975.41 11190.7 5506.33 -5701.63 -7041 4166.95 7510.08
-7041 -5701.63 5506.33 11190.7 -5975.41 -9656.03 7510.08 4166.95
-34882.3 -33542.9 -5701.63 -5975.41 50239.9 46559.3 -9656.03 -7041
-33542.9 -34882.3 -7041 -9656.03 46559.3 50239.9 -5975.41 -5701.63
-5701.63 -7041 4166.95 7510.08 -9656.03 -5975.41 11190.7 5506.33
-5975.41 -9656.03 7510.08 4166.95 -7041 -5701.63 5506.33 11190.7
Element 5
50239.9 46559.3 -9656.03 -7041 -34882.3 -33542.9 -5701.63 -5975.41
46559.3 50239.9 -5975.41 -5701.63 -33542.9 -34882.3 -7041 -9656.03
-9656.03 -5975.41 11190.7 5506.33 -5701.63 -7041 4166.95 7510.08
-7041 -5701.63 5506.33 11190.7 -5975.41 -9656.03 7510.08 4166.95
-34882.3 -33542.9 -5701.63 -5975.41 50239.9 46559.3 -9656.03 -7041
-33542.9 -34882.3 -7041 -9656.03 46559.3 50239.9 -5975.41 -5701.63
-5701.63 -7041 4166.95 7510.08 -9656.03 -5975.41 11190.7 5506.33
-5975.41 -9656.03 7510.08 4166.95 -7041 -5701.63 5506.33 11190.7
Element 6
50239.9 46559.3 -9656.03 -7041 -34882.3 -33542.9 -5701.63 -5975.41
46559.3 50239.9 -5975.41 -5701.63 -33542.9 -34882.3 -7041 -9656.03
-9656.03 -5975.41 11190.7 5506.33 -5701.63 -7041 4166.95 7510.08
-7041 -5701.63 5506.33 11190.7 -5975.41 -9656.03 7510.08 4166.95
-34882.3 -33542.9 -5701.63 -5975.41 50239.9 46559.3 -9656.03 -7041
-33542.9 -34882.3 -7041 -9656.03 46559.3 50239.9 -5975.41 -5701.63
-5701.63 -7041 4166.95 7510.08 -9656.03 -5975.41 11190.7 5506.33
-5975.41 -9656.03 7510.08 4166.95 -7041 -5701.63 5506.33 11190.7
Element 7
50239.9 46559.3 -9656.03 -7041 -34882.3 -33542.9 -5701.63 -5975.41
46559.3 50239.9 -5975.41 -5701.63 -33542.9 -34882.3 -7041 -9656.03
-9656.03 -5975.41 11190.7 5506.33 -5701.63 -7041 4166.95 7510.08
-7041 -5701.63 5506.33 11190.7 -5975.41 -9656.03 7510.08 4166.95
-34882.3 -33542.9 -5701.63 -5975.41 50239.9 46559.3 -9656.03 -7041
-33542.9 -34882.3 -7041 -9656.03 46559.3 50239.9 -5975.41 -5701.63
-5701.63 -7041 4166.95 7510.08 -9656.03 -5975.41 11190.7 5506.33
-5975.41 -9656.03 7510.08 4166.95 -7041 -5701.63 5506.33 11190.7
Element 8
50239.9 46559.3 -9656.03 -7041 -34882.3 -33542.9 -5701.63 -5975.41
46559.3 50239.9 -5975.41 -5701.63 -33542.9 -34882.3 -7041 -9656.03
-9656.03 -5975.41 11190.7 5506.33 -5701.63 -7041 4166.95 7510.08
-7041 -5701.63 5506.33 11190.7 -5975.41 -9656.03 7510.08 4166.95
-34882.3 -33542.9 -5701.63 -5975.41 50239.9 46559.3 -9656.03 -7041
-33542.9 -34882.3 -7041 -9656.03 46559.3 50239.9 -5975.41 -5701.63
-5701.63 -7041 4166.95 7510.08 -9656.03 -5975.41 11190.7 5506.33
-5975.41 -9656.03 7510.08 4166.95 -7041 -5701.63 5506.33 11190.7
Element 9
50239.9 46559.3 -9656.03 -7041 -34882.3 -33542.9 -5701.63 -5975.41
46559.3 50239.9 -5975.41 -5701.63 -33542.9 -34882.3 -7041 -9656.03
-9656.03 -5975.41 11190.7 5506.33 -5701.63 -7041 4166.95 7510.08
-7041 -5701.63 5506.33 11190.7 -5975.41 -9656.03 7510.08 4166.95
-34882.3 -33542.9 -5701.63 -5975.41 50239.9 46559.3 -9656.03 -7041
-33542.9 -34882.3 -7041 -9656.03 46559.3 50239.9 -5975.41 -5701.63
-5701.63 -7041 4166.95 7510.08 -9656.03 -5975.41 11190.7 5506.33
-5975.41 -9656.03 7510.08 4166.95 -7041 -5701.63 5506.33 11190.7
Element 10
50239.9 46559.3 -9656.03 -7041 -34882.3 -33542.9 -5701.63 -5975.41
46559.3 50239.9 -5975.41 -5701.63 -33542.9 -34882.3 -7041 -9656.03
-9656.03 -5975.41 11190.7 5506.33 -5701.63 -7041 4166.95 7510.08
-7041 -5701.63 5506.33 11190.7 -5975.41 -9656.03 7510.08 4166.95
-34882.3 -33542.9 -5701.63 -5975.41 50239.9 46559.3 -9656.03 -7041
-33542.9 -34882.3 -7041 -9656.03 46559.3 50239.9 -5975.41 -5701.63
-5701.63 -7041 4166.95 7510.08 -9656.03 -5975.41 11190.7 5506.33
-5975.41 -9656.03 7510.08 4166.95 -7041 -5701.63 5506.33 11190.7
Element 11
50239.9 46559.3 -9656.03 -7041 -34882.3 -33542.9 -5701.63 -5975.41
46559.3 50239.9 -5975.41 -5701.63 -33542.9 -34882.3 -7041 -9656.03
-9656.03 -5975.41 11190.7 5506.33 -5701.63 -7041 4166.95 7510.08
-7041 -5701.63 5506.33 11190.7 -5975.41 -9656.03 7510.08 4166.95
-34882.3 -33542.9 -5701.63 -5975.41 50239.9 46559.3 -9656.03 -7041
-33542.9 -34882.3 -7041 -9656.03 46559.3 50239.9 -5975.41 -5701.63
-5701.63 -7041 4166.95 7510.08 -9656.03 -5975.41 11190.7 5506.33
-5975.41 -9656.03 7510.08 4166.95 -7041 -5701.63 5506.33 11190.7
Element 12
50239.9 46559.3 -9656.03 -7041 -34882.3 -33542.9 -5701.63 -5975.41
46559.3 50239.9 -5975.41 -5701.63 -33542.9 -34882.3 -7041 -9656.03
-9656.03 -5975.41 11190.7 5506.33 -5701.63 -7041 4166.95 7510.08
-7041 -5701.63 5506.33 11190.7 -5975.41 -9656.03 7510.08 4166.95
-34882.3 -33542.9 -5701.63 -5975.41 50239.9 46559.3 -9656.03 -7041
-33542.9 -34882.3 -7041 -9656.03 46559.3 50239.9 -5975.41 -5701.63
-5701.63 -7041 4166.95 7510.08 -9656.03 -5975.41 11190.7 5506.33
-5975.41 -9656.03 7510.08 4166.95 -7041 -5701.63 5506.33 11190.7
Element 13
50239.9 46559.3 -9656.03 -7041 -34882.3 -33542.9 -5701.63 -5975.41
46559.3 50239.9 -5975.41 -5701.63 -33542.9 -34882.3 -7041 -9656.03
-9656.03 -5975.41 11190.7 5506.33 -5701.63 -7041 4166.95 7510.08
-7041 -5701.63 5506.33 11190.7 -5975.41 -9656.03 7510.08 4166.95
-34882.3 -33542.9 -5701.63 -5975.41 50239.9 46559.3 -9656.03 -7041
-33542.9 -34882.3 -7041 -9656.03 46559.3 50239.9 -5975.41 -5701.63
-5701.63 -7041 4166.95 7510.08 -9656.03 -5975.41 11190.7 5506.33
-5975.41 -9656.03 7510.08 4166.95 -7041 -5701.63 5506.33 11190.7
Element 14
50239.9 46559.3 -9656.03 -7041 -34882.3 -33542.9 -5701.63 -5975.41
46559.3 50239.9 -5975.41 -5701.63 -33542.9 -34882.3 -7041 -9656.03
-9656.03 -5975.41 11190.7 5506.33 -5701.63 -7041 4166.95 7510.08
-7041 -5701.63 5506.33 11190.7 -5975.41 -9656.03 7510.08 4166.95
-34882.3 -33542.9 -5701.63 -5975.41 50239.9 46559.3 -9656.03 -7041
-33542.9 -34882.3 -7041 -9656.03 46559.3 50239.9 -5975.41 -5701.63
-5701.63 -7041 4166.95 7510.08 -9656.03 -5975.41 11190.7 5506.33
-5975.41 -9656.03 7510.08 4166.95 -7041 -5701.63 5506.33 11190.7
Element 15
50239.9 46559.3 -9656.03 -7041 -34882.3 -33542.9 -5701.63 -5975.41
46559.3 50239.9 -5975.41 -5701.63 -33542.9 -34882.3 -7041 -9656.03
-9656.03 -5975.41 11190.7 5506.33 -5701.63 -7041 4166.95 7510.08
-7041 -5701.63 5506.33 11190.7 -5975.41 -9656.03 7510.08 4166.95
-34882.3 -33542.9 -5701.63 -5975.41 50239.9 46559.3 -9656.03 -7041
-33542.9 -34882.3 -7041 -9656.03 46559.3 50239.9 -5975.41 -5701.63
-5701.63 -7041 4166.95 7510.08 -9656.03 -5975.41 11190.7 5506.33
-5975.41 -9656.03 7510.08 4166.95 -7041 -5701.63 5506.33 11190.7
Element 16
50239.9 46559.3 -9656.03 -7041 -34882.3 -33542.9 -5701.63 -5975.41
46559.3 50239.9 -5975.41 -5701.63 -33542.9 -34882.3 -7041 -9656.03
-9656.03 -5975.41 11190.7 5506.33 -5701.63 -7041 4166.95 7510.08
-7041 -5701.63 5506.33 11190.7 -5975.41 -9656.03 7510.08 4166.95
-34882.3 -33542.9 -5701.63 -5975.41 50239.9 46559.3 -9656.03 -7041
-33542.9 -34882.3 -7041 -9656.03 46559.3 50239.9 -5975.41 -5701.63
-5701.63 -7041 4166.95 7510.08 -9656.03 -5975.41 11190.7 5506.33
-5975.41 -9656.03 7510.08 4166.95 -7041 -5701.63 5506.33 11190.7
Element 17
50239.9 46559.3 -9656.03 -7041 -34882.3 -33542.9 -5701.63 -5975.41
46559.3 50239.9 -5975.41 -5701.63 -33542.9 -34882.3 -7041 -9656.03
-9656.03 -5975.41 11190.7 5506.33 -5701.63 -7041 4166.95 7510.08
-7041 -5701.63 5506.33 11190.7 -5975.41 -9656.03 7510.08 4166.95
-34882.3 -33542.9 -5701.63 -5975.41 50239.9 46559.3 -9656.03 -7041
-33542.9 -34882.3 -7041 -9656.03 46559.3 50239.9 -5975.41 -5701.63
-5701.63 -7041 4166.95 7510.08 -9656.03 -5975.41 11190.7 5506.33
-5975.41 -9656.03 7510.08 4166.95 -7041 -5701.63 5506.33 11190.7
Element 18
50239.9 46559.3 -9656.03 -7041 -34882.3 -33542.9 -5701.63 -5975.41
46559.3 50239.9 -5975.41 -5701.63 -33542.9 -34882.3 -7041 -9656.03
-9656.03 -5975.41 11190.7 5506.33 -5701.63 -7041 4166.95 7510.08
-7041 -5701.63 5506.33 11190.7 -5975.41 -9656.03 7510.08 4166.95
-34882.3 -33542.9 -5701.63 -5975.41 50239.9 46559.3 -9656.03 -7041
-33542.9 -34882.3 -7041 -9656.03 46559.3 50239.9 -5975.41 -5701.63
-5701.63 -7041 4166.95 7510.08 -9656.03 -5975.41 11190.7 5506.33
-5975.41 -9656.03 7510.08 4166.95 -7041 -5701.63 5506.33 11190.7
Element 19
50239.9 46559.3 -9656.03 -7041 -34882.3 -33542.9 -5701.63 -5975.41
46559.3 50239.9 -5975.41 -5701.63 -33542.9 -34882.3 -7041 -9656.03
-9656.03 -5975.41 11190.7 5506.33 -5701.63 -7041 4166.95 7510.08
-7041 -5701.63 5506.33 11190.7 -5975.41 -9656.03 7510.08 4166.95
-34882.3 -33542.9 -5701.63 -5975.41 50239.9 46559.3 -9656.03 -7041
-33542.9 -34882.3 -7041 -9656.03 46559.3 50239.9 -5975.41 -5701.63
-5701.63 -7041 4166.95 7510.08 -9656.03 -5975.41 11190.7 5506.33
-5975.41 -9656.03 7510.08 4166.95 -7041 -5701.63 5506.33 11190.7
Element 20
50239.9 46559.3 -9656.03 -7041 -34882.3 -33542.9 -5701.63 -5975.41
46559.3 50239.9 -5975.41 -5701.63 -33542.9 -34882.3 -7041 -9656.03
-9656.03 -5975.41 11190.7 5506.33 -5701.63 -7041 4166.95 7510.08
-7041 -5701.63 5506.33 11190.7 -5975.41 -9656.03 7510.08 4166.95
-34882.3 -33542.9 -5701.63 -5975.41 50239.9 46559.3 -9656.03 -7041
-33542.9 -34882.3 -7041 -9656.03 46559.3 50239.9 -5975.41 -5701.63
-5701.63 -7041 4166.95 7510.08 -9656.03 -5975.41 11190.7 5506.33
-5975.41 -9656.03 7510.08 4166.95 -7041 -5701.63 5506.33 11190.7
Element 21
50239.9 46559.3 -9656.03 -7041 -34882.3 -33542.9 -5701.63 -5975.41
46559.3 50239.9 -5975.41 -5701.63 -33542.9 -34882.3 -7041 -9656.03
-9656.03 -5975.41 11190.7 5506.33 -5701.63 -7041 4166.95 7510.08
-7041 -5701.63 5506.33 11190.7 -5975.41 -9656.03 7510.08 4166.95
-34882.3 -33542.9 -5701.63 -5975.41 50239.9 46559.3 -9656.03 -7041
-33542.9 -34882.3 -7041 -9656.03 46559.3 50239.9 -5975.41 -5701.63
-5701.63 -7041 4166.95 7510.08 -9656.03 -5975.41 11190.7 5506.33
-5975.41 -9656.03 7510.08 4166.95 -7041 -5701.63 5506.33 11190.7
Element 22
50239.9 46559.3 -9656.03 -7041 -34882.3 -33542.9 -5701.63 -5975.41
46559.3 50239.9 -5975.41 -5701.63 -33542.9 -34882.3 -7041 -9656.03
-9656.03 -5975.41 11190.7 5506.33 -5701.63 -7041 4166.95 7510.08
-7041 -5701.63 5506.33 11190.7 -5975.41 -9656.03 7510.08 4166.95
-34882.3 -33542.9 -5701.63 -5975.41 50239.9 46559.3 -9656.03 -7041
-33542.9 -34882.3 -7041 -9656.03 46559.3 50239.9 -5975.41 -5701.63
-5701.63 -7041 4166.95 7510.08 -9656.03 -5975.41 11190.7 5506.33
-5975.41 -9656.03 7510.08 4166.95 -7041 -5701.63 5506.33 11190.7
Element 23
50239.9 46559.3 -9656.03 -7041 -34882.3 -33542.9 -5701.63 -5975.41
46559.3 50239.9 -5975.41 -5701.63 -33542.9 -34882.3 -7041 -9656.03
-9656.03 -5975.41 11190.7 5506.33 -5701.63 -7041 4166.95 7510.08
-7041 -5701.63 5506.33 11190.7 -5975.41 -9656.03 7510.08 4166.95
-34882.3 -33542.9 -5701.63 -5975.41 50239.9 46559.3 -9656.03 -7041
-33542.9 -34882.3 -7041 -9656.03 46559.3 50239.9 -5975.41 -5701.63
-5701.63 -7041 4166.95 7510.08 -9656.03 -5975.41 11190.7 5506.33
-5975.41 -9656.03 7510.08 4166.95 -7041 -5701.63 5506.33 11190.7
Element 24
50239.9 46559.3 -9656.03 -7041 -34882.3 -33542.9 -5701.63 -5975.41
46559.3 50239.9 -5975.41 -5701.63 -33542.9 -34882.3 -7041 -9656.03
-9656.03 -5975.41 11190.7 5506.33 -5701.63 -7041 4166.95 7510.08
-7041 -5701.63 5506.33 11190.7 -5975.41 -9656.03 7510.08 4166.95
-34882.3 -33542.9 -5701.63 -5975.41 50239.9 46559.3 -9656.03 -7041
-33542.9 -34882.3 -7041 -9656.03 46559.3 50239.9 -5975.41 -5701.63
-5701.63 -7041 4166.95 7510.08 -9656.03 -5975.41 11190.7 5506.33
-5975.41 -9656.03 7510.08 4166.95 -7041 -5701.63 5506.33 11190.7
Element 25
50239.9 46559.3 -9656.03 -7041 -34882.3 -33542.9 -5701.63 -5975.41
46559.3 50239.9 -5975.41 -5701.63 -33542.9 -34882.3 -7041 -9656.03
-9656.03 -5975.41 11190.7 5506.33 -5701.63 -7041 4166.95 7510.08
-7041 -5701.63 5506.33 11190.7 -5975.41 -9656.03 7510.08 4166.95
-34882.3 -33542.9 -5701.63 -5975.41 50239.9 46559.3 -9656.03 -7041
-33542.9 -34882.3 -7041 -9656.03 46559.3 50239.9 -5975.41 -5701.63
-5701.63 -7041 4166.95 7510.08 -9656.03 -5975.41 11190.7 5506.33
-5975.41 -9656.03 7510.08 4166.95 -7041 -5701.63 5506.33 11190.7
Element 26
50239.9 46559.3 -9656.03 -7041 -34882.3 -33542.9 -5701.63 -5975.41
46559.3 50239.9 -5975.41 -5701.63 -33542.9 -34882.3 -7041 -9656.03
-9656.03 -5975.41 11190.7 5506.33 -5701.63 -7041 4166.95 7510.08
-7041 -5701.63 5506.33 11190.7 -5975.41 -9656.03 7510.08 4166.95
-34882.3 -33542.9 -5701.63 -5975.41 50239.9 46559.3 -9656.03 -7041
-33542.9 -34882.3 -7041 -9656.03 46559.3 50239.9 -5975.41 -5701.63
-5701.63 -7041 4166.95 7510.08 -9656.03 -5975.41 11190.7 5506.33
-5975.41 -9656.03 7510.08 4166.95 -7041 -5701.63 5506.33 11190.7
Element 27
50239.9 46559.3 -9656.03 -7041 -34882.3 -33542.9 -5701.63 -5975.41
46559.3 50239.9 -5975.41 -5701.63 -33542.9 -34882.3 -7041 -9656.03
-9656.03 -5975.41 11190.7 5506.33 -5701.63 -7041 4166.95 7510.08
-7041 -5701.63 5506.33 11190.7 -5975.41 -9656.03 7510.08 4166.95
-34882.3 -33542.9 -5701.63 -5975.41 50239.9 46559.3 -9656.03 -7041
-33542.9 -34882.3 -7041 -9656.03 46559.3 50239.9 -5975.41 -5701.63
-5701.63 -7041 4166.95 7510.08 -9656.03 -5975.41 11190.7 5506.33
-5975.41 -9656.03 7510.08 4166.95 -7041 -5701.63 5506.33 11190.7
Element 28
50239.9 46559.3 -9656.03 -7041 -34882.3 -33542.9 -5701.63 -5975.41
46559.3 50239.9 -5975.41 -5701.63 -33542.9 -34882.3 -7041 -9656.03
-9656.03 -5975.41 11190.7 5506.33 -5701.63 -7041 4166.95 7510.08
-7041 -5701.63 5506.33 11190.7 -5975.41 -9656.03 7510.08 4166.95
-34882.3 -33542.9 -5701.63 -5975.41 50239.9 46559.3 -9656.03 -7041
-33542.9 -34882.3 -7041 -9656.03 46559.3 50239.9 -5975.41 -5701.63
-5701.63 -7041 4166.95 7510.08 -9656.03 -5975.41 11190.7 5506.33
-5975.41 -9656.03 7510.08 4166.95 -7041 -5701.63 5506.33 11190.7
Element 29
50239.9 46559.3 -9656.03 -7041 -34882.3 -33542.9 -5701.63 -5975.41
46559.3 50239.9 -5975.41 -5701.63 -33542.9 -34882.3 -7041 -9656.03
-9656.03 -5975.41 11190.7 5506.33 -5701.63 -7041 4166.95 7510.08
-7041 -5701.63 5506.33 11190.7 -5975.41 -9656.03 7510.08 4166.95
-34882.3 -33542.9 -5701.63 -5975.41 50239.9 46559.3 -9656.03 -7041
-33542.9 -34882.3 -7041 -9656.03 46559.3 50239.9 -5975.41 -5701.63
-5701.63 -7041 4166.95 7510.08 -9656.03 -5975.41 11190.7 5506.33
-5975.41 -9656.03 7510.08 4166.95 -7041 -5701.63 5506.33 11190.7
Element 30
50239.9 46559.3 -9656.03 -7041 -34882.3 -33542.9 -5701.63 -5975.41
46559.3 50239.9 -5975.41 -5701.63 -33542.9 -34882.3 -7041 -9656.03
-9656.03 -5975.41 11190.7 5506.33 -5701.63 -7041 4166.95 7510.08
-7041 -5701.63 5506.33 11190.7 -5975.41 -9656.03 7510.08 4166.95
-34882.3 -33542.9 -5701.63 -5975.41 50239.9 46559.3 -9656.03 -7041
-33542.9 -34882.3 -7041 -9656.03 46559.3 50239.9 -5975.41 -5701.63
-5701.63 -7041 4166.95 7510.08 -9656.03 -5975.41 11190.7 5506.33
-5975.41 -9656.03 7510.08 4166.95 -7041 -5701.63 5506.33 11190.7
Element 31
50239.9 46559.3 -9656.03 -7041 -34882.3 -33542.9 -5701.63 -5975.41
46559.3 50239.9 -5975.41 -5701.63 -33542.9 -34882.3 -7041 -9656.03
-9656.03 -5975.41 11190.7 5506.33 -5701.63 -7041 4166.95 7510.08
-7041 -5701.63 5506.33 11190.7 -5975.41 -9656.03 7510.08 4166.95
-34882.3 -33542.9 -5701.63 -5975.41 50239.9 46559.3 -9656.03 -7041
-33542.9 -34882.3 -7041 -9656.03 46559.3 50239.9 -5975.41 -5701.63
-5701.63 -7041 4166.95 7510.08 -9656.03 -5975.41 11190.7 5506.33
-5975.41 -9656.03 7510.08 4166.95 -7041 -5701.63 5506.33 11190.7
Element 32
50239.9 46559.3 -9656.03 -7041 -34882.3 -33542.9 -5701.63 -5975.41
46559.3 50239.9 -5975.41 -5701.63 -33542.9 -34882.3 -7041 -9656.03
-9656.03 -5975.41 11190.7 5506.33 -5701.63 -7041 4166.95 7510.08
-7041 -5701.63 5506.33 11190.7 -5975.41 -9656.03 7510.08 4166.95
-34882.3 -33542.9 -5701.63 -5975.41 50239.9 46559.3 -9656.03 -7041
-33542.9 -34882.3 -7041 -9656.03 46559.3 50239.9 -5975.41 -5701.63
-5701.63 -7041 4166.95 7510.08 -9656.03 -5975.41 11190.7 5506.33
-5975.41 -9656.03 7510.08 4166.95 -7041 -5701.63 5506.33 11190.7
Element 33
50239.9 46559.3 -9656.03 -7041 -34882.3 -33542.9 -5701.63 -5975.41
46559.3 50239.9 -5975.41 -5701.63 -33542.9 -34882.3 -7041 -9656.03
-9656.03 -5975.41 11190.7 5506.33 -5701.63 -7041 4166.95 7510.08
-7041 -5701.63 5506.33 11190.7 -5975.41 -9656.03 7510.08 4166.95
-34882.3 -33542.9 -5701.63 -5975.41 50239.9 46559.3 -9656.03 -7041
-33542.9 -34882.3 -7041 -9656.03 46559.3 50239.9 -5975.41 -5701.63
-5701.63 -7041 4166.95 7510.08 -9656.03 -5975.41 11190.7 5506.33
-5975.41 -9656.03 7510.08 4166.95 -7041 -5701.63 5506.33 11190.7
Element 34
50239.9 46559.3 -9656.03 -7041 -34882.3 -33542.9 -5701.63 -5975.41
46559.3 50239.9 -5975.41 -5701.63 -33542.9 -34882.3 -7041 -9656.03
-9656.03 -5975.41 11190.7 5506.33 -5701.63 -7041 4166.95 7510.08
-7041 -5701.63 5506.33 11190.7 -5975.41 -9656.03 7510.08 4166.95
-34882.3 -33542.9 -5701.63 -5975.41 50239.9 46559.3 -9656.03 -7041
-33542.9 -34882.3 -7041 -9656.03 46559.3 50239.9 -5975.41 -5701.63
-5701.63 -7041 4166.95 7510.08 -9656.03 -5975.41 11190.7 5506.33
-5975.41 -9656.03 7510.08 4166.95 -7041 -5701.63 5506.33 11190.7
Element 35
50239.9 46559.3 -9656.03 -7041 -34882.3 -33542.9 -5701.63 -5975.41
46559.3 50239.9 -5975.41 -5701.63 -33542.9 -34882.3 -7041 -9656.03
-9656.03 -5975.41 11190.7 5506.33 -5701.63 -7041 4166.95 7510.08
-7041 -5701.63 5506.33 11190.7 -5975.41 -9656.03 7510.08 4166.95
-34882.3 -33542.9 -5701.63 -5975.41 50239.9 46559.3 -9656.03 -7041
-33542.9 -34882.3 -7041 -9656.03 46559.3 50239.9 -5975.41 -5701.63
-5701.63 -7041 4166.95 7510.08 -9656.03 -5975.41 11190.7 5506.33
-5975.41 -9656.03 7510.08 4166.95 -7041 -5701.63 5506.33 11190.7
Element 36
50239.9 46559.3 -9656.03 -7041 -34882.3 -33542.9 -5701.63 -5975.41
46559.3 50239.9 -5975.41 -5701.63 -33542.9 -34882.3 -7041 -9656.03
-9656.03 -5975.41 11190.7 5506.33 -5701.63 -7041 4166.95 7510.08
-7041 -5701.63 5506.33 11190.7 -5975.41 -9656.03 7510.08 4166.95
-34882.3 -33542.9 -5701.63 -5975.41 50239.9 46559.3 -9656.03 -7041
-33542.9 -34882.3 -7041 -9656.03 46559.3 50239.9 -5975.41 -5701.63
-5701.63 -7041 4166.95 7510.08 -9656.03 -5975.41 11190.7 5506.33
-5975.41 -9656.03 7510.08 4166.95 -7041 -5701.63 5506.33 11190.7
Element 37
50239.9 46559.3 -9656.03 -7041 -34882.3 -33542.9 -5701.63 -5975.41
46559.3 50239.9 -5975.41 -5701.63 -33542.9 -34882.3 -7041 -9656.03
-9656.03 -5975.41 11190.7 5506.33 -5701.63 -7041 4166.95 7510.08
-7041 -5701.63 5506.33 11190.7 -5975.41 -9656.03 7510.08 4166.95
-34882.3 -33542.9 -5701.63 -5975.41 50239.9 46559.3 -9656.03 -7041
-33542.9 -34882.3 -7041 -9656.03 46559.3 50239.9 -5975.41 -5701.63
-5701.63 -7041 4166.95 7510.08 -9656.03 -5975.41 11190.7 5506.33
-5975.41 -9656.03 7510.08 4166.95 -7041 -5701.63 5506.33 11190.7
Element 38
50239.9 46559.3 -9656.03 -7041 -34882.3 -33542.9 -5701.63 -5975.41
46559.3 50239.9 -5975.41 -5701.63 -33542.9 -34882.3 -7041 -9656.03
-9656.03 -5975.41 11190.7 5506.33 -5701.63 -7041 4166.95 7510.08
-7041 -5701.63 5506.33 11190.7 -5975.41 -9656.03 7510.08 4166.95
-34882.3 -33542.9 -5701.63 -5975.41 50239.9 46559.3 -9656.03 -7041
-33542.9 -34882.3 -7041 -9656.03 46559.3 50239.9 -5975.41 -5701.63
-5701.63 -7041 4166.95 7510.08 -9656.03 -5975.41 11190.7 5506.33
-5975.41 -9656.03 7510.08 4166.95 -7041 -5701.63 5506.33 11190.7
Element 39
50239.9 46559.3 -9656.03 -7041 -34882.3 -33542.9 -5701.63 -5975.41
46559.3 50239.9 -5975.41 -5701.63 -33542.9 -34882.3 -7041 -9656.03
-9656.03 -5975.41 11190.7 5506.33 -5701.63 -7041 4166.95 7510.08
-7041 -5701.63 5506.33 11190.7 -5975.41 -9656.03 7510.08 4166.95
-34882.3 -33542.9 -5701.63 -5975.41 50239.9 46559.3 -9656.03 -7041
-33542.9 -34882.3 -7041 -9656.03 46559.3 50239.9 -5975.41 -5701.63
-5701.63 -7041 4166.95 7510.08 -9656.03 -5975.41 11190.7 5506.33
-5975.41 -9656.03 7510.08 4166.95 -7041 -5701.63 5506.33 11190.7
Element 40
50239.9 46559.3 -9656.03 -7041 -34882.3 -33542.9 -5701.63 -5975.41
46559.3 50239.9 -5975.41 -5701.63 -33542.9 -34882.3 -7041 -9656.03
-9656.03 -5975.41 11190.7 5506.33 -5701.63 -7041 4166.95 7510.08
-7041 -5701.63 5506.33 11190.7 -5975.41 -9656.03 7510.08 4166.95
-34882.3 -33542.9 -5701.63 -5975.41 50239.9 46559.3 -9656.03 -7041
-33542.9 -34882.3 -7041 -9656.03 46559.3 50239.9 -5975.41 -5701.63
-5701.63 -7041 4166.95 7510.08 -9656.03 -5975.41 11190.7 5506.33
-5975.41 -9656.03 7510.08 4166.95 -7041 -5701.63 5506.33 11190.7
Element 41
50239.9 46559.3 -9656.03 -7041 -34882.3 -33542.9 -5701.63 -5975.41
46559.3 50239.9 -5975.41 -5701.63 -33542.9 -34882.3 -7041 -9656.03
-9656.03 -5975.41 11190.7 5506.33 -5701.63 -7041 4166.95 7510.08
-7041 -5701.63 5506.33 11190.7 -5975.41 -9656.03 7510.08 4166.95
-34882.3 -33542.9 -5701.63 -5975.41 50239.9 46559.3 -9656.03 -7041
-33542.9 -34882.3 -7041 -9656.03 46559.3 50239.9 -5975.41 -5701.63
-5701.63 -7041 4166.95 7510.08 -9656.03 -5975.41 11190.7 5506.33
-5975.41 -9656.03 7510.08 4166.95 -7041 -5701.63 5506.33 11190.7
Element 42
50239.9 46559.3 -9656.03 -7041 -34882.3 -33542.9 -5701.63 -5975.41
46559.3 50239.9 -5975.41 -5701.63 -33542.9 -34882.3 -7041 -9656.03
-9656.03 -5975.41 11190.7 5506.33 -5701.63 -7041 4166.95 7510.08
-7041 -5701.63 5506.33 11190.7 -5975.41 -9656.03 7510.08 4166.95
-34882.3 -33542.9 -5701.63 -5975.41 50239.9 46559.3 -9656.03 -7041
-33542.9 -34882.3 -7041 -9656.03 46559.3 50239.9 -5975.41 -5701.63
-5701.63 -7041 4166.95 7510.08 -9656.03 -5975.41 11190.7 5506.33
-5975.41 -9656.03 7510.08 4166.95 -7041 -5701.63 5506.33 11190.7
Element 43
50239.9 46559.3 -9656.03 -7041 -34882.3 -33542.9 -5701.63 -5975.41
46559.3 50239.9 -5975.41 -5701.63 -33542.9 -34882.3 -7041 -9656.03
-9656.03 -5975.41 11190.7 5506.33 -5701.63 -7041 4166.95 7510.08
-7041 -5701.63 5506.33 11190.7 -5975.41 -9656.03 7510.08 4166.95
-34882.3 -33542.9 -5701.63 -5975.41 50239.9 46559.3 -9656.03 -7041
-33542.9 -34882.3 -7041 -9656.03 46559.3 50239.9 -5975.41 -5701.63
-5701.63 -7041 4166.95 7510.08 -9656.03 -5975.41 11190.7 5506.33
-5975.41 -9656.03 7510.08 4166.95 -7041 -5701.63 5506.33 11190.7
Element 44
50239.9 46559.3 -9656.03 -7041 -34882.3 -33542.9 -5701.63 -5975.41
46559.3 50239.9 -5975.41 -5701.63 -33542.9 -34882.3 -7041 -9656.03
-9656.03 -5975.41 11190.7 5506.33 -5701.63 -7041 4166.95 7510.08
-7041 -5701.63 5506.33 11190.7 -5975.41 -9656.03 7510.08 4166.95
-34882.3 -33542.9 -5701.63 -5975.41 50239.9 46559.3 -9656.03 -7041
-33542.9 -34882.3 -7041 -9656.03 46559.3 50239.9 -5975.41 -5701.63
-5701.63 -7041 4166.95 7510.08 -9656.03 -5975.41 11190.7 5506.33
-5975.41 -9656.03 7510.08 4166.95 -7041 -5701.63 5506.33 11190.7
Element 45
50239.9 46559.3 -9656.03 -7041 -34882.3 -33542.9 -5701.63 -5975.41
46559.3 50239.9 -5975.41 -5701.63 -33542.9 -34882.3 -7041 -9656.03
-9656.03 -5975.41 11190.7 5506.33 -5701.63 -7041 4166.95 7510.08
-7041 -5701.63 5506.33 11190.7 -5975.41 -9656.03 7510.08 4166.95
-34882.3 -33542.9 -5701.63 -5975.41 50239.9 46559.3 -9656.03 -7041
-33542.9 -34882.3 -7041 -9656.03 46559.3 50239.9 -5975.41 -5701.63
-5701.63 -7041 4166.95 7510.08 -9656.03 -5975.41 11190.7 5506.33
-5975.41 -9656.03 7510.08 4166.95 -7041 -5701.63 5506.33 11190.7
Element 46
50239.9 46559.3 -9656.03 -7041 -34882.3 -33542.9 -5701.63 -5975.41
46559.3 50239.9 -5975.41 -5701.63 -33542.9 -34882.3 -7041 -9656.03
-9656.03 -5975.41 11190.7 5506.33 -5701.63 -7041 4166.95 7510.08
-7041 -5701.63 5506.33 11190.7 -5975.41 -9656.03 7510.08 4166.95
-34882.3 -33542.9 -5701.63 -5975.41 50239.9 46559.3 -9656.03 -7041
-33542.9 -34882.3 -7041 -9656.03 46559.3 50239.9 -5975.41 -5701.63
-5701.63 -7041 4166.95 7510.08 -9656.03 -5975.41 11190.7 5506.33
-5975.41 -9656.03 7510.08 4166.95 -7041 -5701.63 5506.33 11190.7
Element 47
50239.9 46559.3 -9656.03 -7041 -34882.3 -33542.9 -5701.63 -5975.41
46559.3 50239.9 -5975.41 -5701.63 -33542.9 -34882.3 -7041 -9656.03
-9656.03 -5975.41 11190.7 5506.33 -5701.63 -7041 4166.95 7510.08
-7041 -5701.63 5506.33 11190.7 -5975.41 -9656.03 7510.08 4166.95
-34882.3 -33542.9 -5701.63 -5975.41 50239.9 46559.3 -9656.03 -7041
-33542.9 -34882.3 -7041 -9656.03 46559.3 50239.9 -5975.41 -5701.63
-5701.63 -7041 4166.95 7510.08 -9656.03 -5975.41 11190.7 5506.33
-5975.41 -9656.03 7510.08 4166.95 -7041 -5701.63 5506.33 11190.7
Element 48
50239.9 46559.3 -9656.03 -7041 -34882.3 -33542.9 -5701.63 -5975.41
46559.3 50239.9 -5975.41 -5701.63 -33542.9 -34882.3 -7041 -9656.03
-9656.03 -5975.41 11190.7 5506.33 -5701.63 -7041 4166.95 7510.08
-7041 -5701.63 5506.33 11190.7 -5975.41 -9656.03 7510.08 4166.95
-34882.3 -33542.9 -5701.63 -5975.41 50239.9 46559.3 -9656.03 -7041
-33542.9 -34882.3 -7041 -9656.03 46559.3 50239.9 -5975.41 -5701.63
-5701.63 -7041 4166.95 7510.08 -9656.03 -5975.41 11190.7 5506.33
-5975.41 -9656.03 7510.08 4166.95 -7041 -5701.63 5506.33 11190.7
Element 49
50239.9 46559.3 -9656.03 -7041 -34882.3 -33542.9 -5701.63 -5975.41
46559.3 50239.9 -5975.41 -5701.63 -33542.9 -34882.3 -7041 -9656.03
-9656.03 -5975.41 11190.7 5506.33 -5701.63 -7041 4166.95 7510.08
-7041 -5701.63 5506.33 11190.7 -5975.41 -9656.03 7510.08 4166.95
-34882.3 -33542.9 -5701.63 -5975.41 50239.9 46559.3 -9656.03 -7041
-33542.9 -34882.3 -7041 -9656.03 46559.3 50239.9 -5975.41 -5701.63
-5701.63 -7041 4166.95 7510.08 -9656.03 -5975.41 11190.7 5506.33
-5975.41 -9656.03 7510.08 4166.95 -7041 -5701.63 5506.33 11190.7
Element 50
50239.9 46559.3 -9656.03 -7041 -34882.3 -33542.9 -5701.63 -5975.41
46559.3 50239.9 -5975.41 -5701.63 -33542.9 -34882.3 -7041 -9656.03
-9656.03 -5975.41 11190.7 5506.33 -5701.63 -7041 4166.95 7510.08
-7041 -5701.63 5506.33 11190.7 -5975.41 -9656.03 7510.08 4166.95
-34882.3 -33542.9 -5701.63 -5975.41 50239.9 46559.3 -9656.03 -7041
-33542.9 -34882.3 -7041 -9656.03 46559.3 50239.9 -5975.41 -5701.63
-5701.63 -7041 4166.95 7510.08 -9656.03 -5975.41 11190.7 5506.33
-5975.41 -9656.03 7510.08 4166.95 -7041 -5701.63 5506.33 11190.7
Element 51
50239.9 46559.3 -9656.03 -7041 -34882.3 -33542.9 -5701.63 -5975.41
46559.3 50239.9 -5975.41 -5701.63 -33542.9 -34882.3 -7041 -9656.03
-9656.03 -5975.41 11190.7 5506.33 -5701.63 -7041 4166.95 7510.08
-7041 -5701.63 5506.33 11190.7 -5975.41 -9656.03 7510.08 4166.95
-34882.3 -33542.9 -5701.63 -5975.41 50239.9 46559.3 -9656.03 -7041
-33542.9 -34882.3 -7041 -9656.03 46559.3 50239.9 -5975.41 -5701.63
-5701.63 -7041 4166.95 7510.08 -9656.03 -5975.41 11190.7 5506.33
-5975.41 -9656.03 7510.08 4166.95 -7041 -5701.63 5506.33 11190.7
Element 52
50239.9 46559.3 -9656.03 -7041 -34882.3 -33542.9 -5701.63 -5975.41
46559.3 50239.9 -5975.41 -5701.63 -33542.9 -34882.3 -7041 -9656.03
-9656.03 -5975.41 11190.7 5506.33 -5701.63 -7041 4166.95 7510.08
-7041 -5701.63 5506.33 11190.7 -5975.41 -9656.03 7510.08 4166.95
-34882.3 -33542.9 -5701.63 -5975.41 50239.9 46559.3 -9656.03 -7041
-33542.9 -34882.3 -7041 -9656.03 46559.3 50239.9 -5975.41 -5701.63
-5701.63 -7041 4166.95 7510.08 -9656.03 -5975.41 11190.7 5506.33
-5975.41 -9656.03 7510.08 4166.95 -7041 -5701.63 5506.33 11190.7
Element 53
50239.9 46559.3 -9656.03 -7041 -34882.3 -33542.9 -5701.63 -5975.41
46559.3 50239.9 -5975.41 -5701.63 -33542.9 -34882.3 -7041 -9656.03
-9656.03 -5975.41 11190.7 5506.33 -5701.63 -7041 4166.95 7510.08
-7041 -5701.63 5506.33 11190.7 -5975.41 -9656.03 7510.08 4166.95
-34882.3 -33542.9 -5701.63 -5975.41 50239.9 46559.3 -9656.03 -7041
-33542.9 -34882.3 -7041 -9656.03 46559.3 50239.9 -5975.41 -5701.63
-5701.63 -7041 4166.95 7510.08 -9656.03 -5975.41 11190.7 5506.33
-5975.41 -9656.03 7510.08 4166.95 -7041 -5701.63 5506.33 11190.7
Element 54
50239.9 46559.3 -9656.03 -7041 -34882.3 -33542.9 -5701.63 -5975.41
46559.3 50239.9 -5975.41 -5701.63 -33542.9 -34882.3 -7041 -9656.03
-9656.03 -5975.41 11190.7 5506.33 -5701.63 -7041 4166.95 7510.08
-7041 -5701.63 5506.33 11190.7 -5975.41 -9656.03 7510.08 4166.95
-34882.3 -33542.9 -5701.63 -5975.41 50239.9 46559.3 -9656.03 -7041
-33542.9 -34882.3 -7041 -9656.03 46559.3 50239.9 -5975.41 -5701.63
-5701.63 -7041 4166.95 7510.08 -9656.03 -5975.41 11190.7 5506.33
-5975.41 -9656.03 7510.08 4166.95 -7041 -5701.63 5506.33 11190.7
Element 55
50239.9 46559.3 -9656.03 -7041 -34882.3 -33542.9 -5701.63 -5975.41
46559.3 50239.9 -5975.41 -5701.63 -33542.9 -34882.3 -7041 -9656.03
-9656.03 -5975.41 11190.7 5506.33 -5701.63 -7041 4166.95 7510.08
-7041 -5701.63 5506.33 11190.7 -5975.41 -9656.03 7510.08 4166.95
-34882.3 -33542.9 -5701.63 -5975.41 50239.9 46559.3 -9656.03 -7041
-33542.9 -34882.3 -7041 -9656.03 46559.3 50239.9 -5975.41 -5701.63
-5701.63 -7041 4166.95 7510.08 -9656.03 -5975.41 11190.7 5506.33
-5975.41 -9656.03 7510.08 4166.95 -7041 -5701.63 5506.33 11190.7
Element 56
50239.9 46559.3 -9656.03 -7041 -34882.3 -33542.9 -5701.63 -5975.41
46559.3 50239.9 -5975.41 -5701.63 -33542.9 -34882.3 -7041 -9656.03
-9656.03 -5975.41 11190.7 5506.33 -5701.63 -7041 4166.95 7510.08
-7041 -5701.63 5506.33 11190.7 -5975.41 -9656.03 7510.08 4166.95
-34882.3 -33542.9 -5701.63 -5975.41 50239.9 46559.3 -9656.03 -7041
-33542.9 -34882.3 -7041 -9656.03 46559.3 50239.9 -5975.41 -5701.63
-5701.63 -7041 4166.95 7510.08 -9656.03 -5975.41 11190.7 5506.33
-5975.41 -9656.03 7510.08 4166.95 -7041 -5701.63 5506.33 11190.7
Element 57
50239.9 46559.3 -9656.03 -7041 -34882.3 -33542.9 -5701.63 -5975.41
46559.3 50239.9 -5975.41 -5701.63 -33542.9 -34882.3 -7041 -9656.03
-9656.03 -5975.41 11190.7 5506.33 -5701.63 -7041 4166.95 7510.08
-7041 -5701.63 5506.33 11190.7 -5975.41 -9656.03 7510.08 4166.95
-34882.3 -33542.9 -5701.63 -5975.41 50239.9 46559.3 -9656.03 -7041
-33542.9 -34882.3 -7041 -9656.03 46559.3 50239.9 -5975.41 -5701.63
-5701.63 -7041 4166.95 7510.08 -9656.03 -5975.41 11190.7 5506.33
-5975.41 -9656.03 7510.08 4166.95 -7041 -5701.63 5506.33 11190.7
Element 58
50239.9 46559.3 -9656.03 -7041 -34882.3 -33542.9 -5701.63 -5975.41
46559.3 50239.9 -5975.41 -5701.63 -33542.9 -34882.3 -7041 -9656.03
-9656.03 -5975.41 11190.7 5506.33 -5701.63 -7041 4166.95 7510.08
-7041 -5701.63 5506.33 11190.7 -5975.41 -9656.03 7510.08 4166.95
-34882.3 -33542.9 -5701.63 -5975.41 50239.9 46559.3 -9656.03 -7041
-33542.9 -34882.3 -7041 -9656.03 46559.3 50239.9 -5975.41 -5701.63
-5701.63 -7041 4166.95 7510.08 -9656.03 -5975.41 11190.7 5506.33
-5975.41 -9656.03 7510.08 4166.95 -7041 -5701.63 5506.33 11190.7
Element 59
50239.9 46559.3 -9656.03 -7041 -34882.3 -33542.9 -5701.63 -5975.41
46559.3 50239.9 -5975.41 -5701.63 -33542.9 -34882.3 -7041 -9656.03
-9656.03 -5975.41 11190.7 5506.33 -5701.63 -7041 4166.95 7510.08
-7041 -5701.63 5506.33 11190.7 -5975.41 -9656.03 7510.08 4166.95
-34882.3 -33542.9 -5701.63 -5975.41 50239.9 46559.3 -9656.03 -7041
-33542.9 -34882.3 -7041 -9656.03 46559.3 50239.9 -5975.41 -5701.63
-5701.63 -7041 4166.95 7510.08 -9656.03 -5975.41 11190.7 5506.33
-5975.41 -9656.03 7510.08 4166.95 -7041 -5701.63 5506.33 11190.7
Element 60
50239.9 46559.3 -9656.03 -7041 -34882.3 -33542.9 -5701.63 -5975.41
46559.3 50239.9 -5975.41 -5701.63 -33542.9 -34882.3 -7041 -9656.03
-9656.03 -5975.41 11190.7 5506.33 -5701.63 -7041 4166.95 7510.08
-7041 -5701.63 5506.33 11190.7 -5975.41 -9656.03 7510.08 4166.95
-34882.3 -33542.9 -5701.63 -5975.41 50239.9 46559.3 -9656.03 -7041
-33542.9 -34882.3 -7041 -9656.03 46559.3 50239.9 -5975.41 -5701.63
